pre-training...
epoch:	0	nll:	1.6828094	bleu:	0.9599139217423404
epoch:	0	nll:	1.6965246	bleu:	0.9649196072901545
